Oscilloscope data. 
Time step = 10,00 uS
Voltage step = 31,25 mV
Zero level = 134

N 	Smpl.	Trig

0	134	0
1	144	0
2	154	0
3	161	0
4	164	0
5	164	0
6	160	0
7	155	0
8	148	0
9	140	0
10	132	0
11	126	0
12	119	0
13	117	0
14	114	0
15	115	0
16	117	0
17	122	0
18	127	0
19	133	0
20	139	0
21	145	0
22	149	0
23	153	0
24	154	0
25	154	0
26	152	0
27	147	0
28	141	0
29	134	0
30	126	0
31	119	0
32	113	0
33	110	0
34	108	0
35	109	0
36	113	0
37	120	0
38	130	0
39	140	0
40	150	0
41	160	0
42	169	0
43	173	0
44	174	0
45	169	0
46	162	0
47	150	0
48	137	0
49	121	0
50	107	0
51	94	0
52	86	0
53	83	0
54	85	0
55	93	0
56	105	0
57	121	0
58	140	0
59	158	0
60	174	0
61	187	0
62	195	0
63	195	0
64	190	0
65	178	0
66	161	0
67	142	0
68	121	0
69	102	0
70	86	0
71	75	0
72	70	0
73	73	0
74	82	0
75	97	0
76	114	0
77	137	0
78	155	0
79	173	0
80	185	0
81	193	0
82	192	0
83	188	0
84	176	0
85	161	0
86	145	0
87	128	0
88	111	0
89	98	0
90	90	0
91	87	0
92	89	0
93	96	0
94	106	0
95	118	0
96	133	0
97	145	0
98	156	0
99	163	0
100	168	0
101	168	0
102	166	0
103	160	0
104	151	0
105	142	0
106	133	0
107	125	0
108	118	0
109	113	0
110	112	0
111	112	0
112	115	0
113	120	0
114	126	0
115	133	0
116	138	0
117	144	0
118	149	0
119	153	0
120	154	0
121	153	0
122	150	0
123	147	0
124	141	0
125	134	0
126	129	0
127	122	0
128	117	0
129	113	0
130	112	0
131	112	0
132	116	0
133	121	0
134	129	0
135	138	0
136	147	0
137	156	0
138	163	0
139	167	0
140	168	0
141	166	0
142	160	0
143	150	0
144	137	0
145	125	0
146	112	0
147	101	0
148	92	0
149	86	0
150	89	0
151	94	0
152	106	0
153	120	0
154	137	0
155	154	0
156	170	0
157	182	0
158	191	0
159	194	0
160	189	0
161	179	0
162	164	0
163	144	0
164	125	0
165	105	0
166	88	0
167	76	0
168	71	0
169	73	0
170	79	0
171	94	0
172	112	0
173	133	0
174	152	0
175	171	0
176	186	0
177	194	0
178	197	0
179	192	0
180	182	0
181	166	0
182	149	0
183	130	0
184	111	0
185	97	0
186	87	0
187	82	0
188	83	0
189	90	0
190	101	0
191	115	0
192	130	0
193	144	0
194	157	0
195	166	0
196	173	0
197	174	0
198	171	0
199	165	0
200	156	0
201	145	0
202	134	0
203	125	0
204	116	0
205	110	0
206	108	0
207	109	0
208	111	0
209	117	0
210	123	0
211	131	0
212	137	0
213	145	0
214	150	0
215	153	0
216	155	0
217	154	0
218	152	0
219	147	0
220	142	0
221	137	0
222	130	0
223	124	0
224	118	0
225	116	0
226	115	0
227	115	0
228	118	0
229	122	0
230	129	0
231	137	0
232	144	0
233	151	0
234	158	0
235	162	0
236	164	0
237	162	0
238	158	0
239	150	0
240	139	0
241	128	0
242	117	0
243	106	0
244	98	0
245	93	0
246	93	0
247	97	0
248	106	0
249	118	0
250	134	0
251	150	0
252	165	0
253	177	0
254	186	0
255	190	0
256	187	0
257	178	0
258	164	0
259	147	0
260	128	0
261	109	0
262	93	0
263	79	0
264	73	0
265	73	0
266	80	0
267	91	0
268	109	0
269	129	0
270	149	0
271	168	0
272	184	0
273	195	0
274	198	0
275	195	0
276	184	0
277	171	0
278	152	0
279	133	0
280	113	0
281	97	0
282	85	0
283	78	0
284	78	0
285	85	0
286	95	0
287	110	0
288	126	0
289	143	0
290	158	0
291	169	0
292	176	0
293	179	0
294	176	0
295	170	0
296	161	0
297	148	0
298	137	0
299	125	0
300	115	0
301	108	0
302	104	0
303	104	0
304	107	0
305	113	0
306	121	0
307	128	0
308	137	0
309	145	0
310	150	0
311	155	0
312	157	0
313	156	0
314	153	0
315	149	0
316	144	0
317	137	0
318	130	0
319	125	0
320	120	0
321	117	0
322	115	0
323	117	0
324	118	0
325	122	0
326	129	0
327	135	0
328	142	0
329	149	0
330	154	0
331	158	0
332	160	0
333	158	0
334	155	0
335	149	0
336	140	0
337	131	0
338	121	0
339	112	0
340	104	0
341	99	0
342	99	0
343	102	0
344	109	0
345	119	0
346	132	0
347	146	0
348	160	0
349	172	0
350	181	0
351	185	0
352	182	0
353	175	0
354	164	0
355	149	0
356	131	0
357	113	0
358	97	0
359	85	0
360	76	0
361	75	0
362	79	0
363	91	0
364	107	0
365	126	0
366	146	0
367	166	0
368	182	0
369	194	0
370	198	0
371	197	0
372	189	0
373	174	0
374	156	0
375	135	0
376	115	0
377	97	0
378	84	0
379	76	0
380	75	0
381	80	0
382	90	0
383	105	0
384	123	0
385	142	0
386	158	0
387	171	0
388	181	0
389	185	0
390	182	0
391	177	0
392	166	0
393	153	0
394	138	0
395	125	0
396	113	0
397	105	0
398	99	0
399	98	0
400	101	0
401	108	0
402	116	0
403	126	0
404	137	0
405	145	0
406	152	0
407	158	0
408	159	0
409	159	0
410	157	0
411	151	0
412	145	0
413	138	0
414	131	0
415	125	0
416	120	0
417	117	0
418	115	0
419	116	0
420	118	0
421	123	0
422	128	0
423	134	0
424	141	0
425	146	0
426	152	0
427	155	0
428	157	0
429	156	0
430	152	0
431	148	0
432	141	0
433	133	0
434	124	0
435	116	0
436	109	0
437	105	0
438	104	0
439	105	0
440	110	0
441	119	0
442	130	0
443	142	0
444	155	0
445	166	0
446	174	0
447	179	0
448	179	0
449	174	0
450	163	0
451	150	0
452	134	0
453	117	0
454	102	0
455	88	0
456	81	0
457	78	0
458	82	0
459	91	0
460	105	0
461	124	0
462	142	0
463	162	0
464	179	0
465	191	0
466	198	0
467	197	0
468	190	0
469	177	0
470	159	0
471	139	0
472	118	0
473	99	0
474	85	0
475	75	0
476	73	0
477	76	0
478	86	0
479	101	0
480	118	0
481	138	0
482	157	0
483	172	0
484	183	0
485	189	0
486	189	0
487	182	0
488	171	0
489	157	0
490	142	0
491	126	0
492	112	0
493	101	0
494	94	0
495	93	0
496	95	0
497	102	0
498	112	0
499	123	0
500	134	0
501	145	0
502	155	0
503	160	0
504	163	0
505	164	0
506	161	0
507	155	0
508	148	0
509	140	0
510	132	0
511	125	0
512	119	0
513	116	0
514	114	0
515	115	0
516	118	0
517	122	0
518	126	0
519	133	0
520	139	0
521	144	0
522	150	0
523	153	0
524	155	0
525	154	0
526	152	0
527	147	0
528	141	0
529	134	0
530	126	0
531	120	0
532	113	0
533	109	0
534	107	0
535	109	0
536	113	0
537	120	0
538	129	0
539	140	0
540	150	0
541	161	0
542	169	0
543	173	0
544	174	0
545	170	0
546	162	0
547	150	0
548	136	0
549	122	0
550	107	0
551	94	0
552	86	0
553	83	0
554	85	0
555	93	0
556	105	0
557	121	0
558	139	0
559	158	0
560	174	0
561	188	0
562	195	0
563	196	0
564	190	0
565	178	0
566	161	0
567	142	0
568	121	0
569	102	0
570	86	0
571	75	0
572	70	0
573	74	0
574	83	0
575	96	0
576	115	0
577	136	0
578	155	0
579	172	0
580	185	0
581	192	0
582	192	0
583	188	0
584	177	0
585	161	0
586	145	0
587	128	0
588	112	0
589	99	0
590	91	0
591	86	0
592	89	0
593	97	0
594	106	0
595	118	0
596	133	0
597	144	0
598	156	0
599	164	0
600	169	0
601	168	0
602	166	0
603	160	0
604	151	0
605	142	0
606	133	0
607	125	0
608	117	0
609	113	0
610	110	0
611	112	0
612	115	0
613	119	0
614	126	0
615	132	0
616	138	0
617	144	0
618	150	0
619	152	0
620	154	0
621	154	0
622	150	0
623	147	0
624	141	0
625	135	0
626	129	0
627	123	0
628	117	0
629	113	0
630	111	0
631	112	0
632	116	0
633	122	0
634	129	0
635	137	0
636	147	0
637	156	0
638	163	0
639	168	0
640	169	0
641	165	0
642	159	0
643	150	0
644	137	0
645	125	0
646	112	0
647	100	0
648	93	0
649	88	0
650	89	0
651	94	0
652	106	0
653	120	0
654	137	0
655	154	0
656	170	0
657	183	0
658	190	0
659	193	0
660	189	0
661	178	0
662	163	0
663	145	0
664	125	0
665	104	0
666	89	0
667	77	0
668	71	0
669	73	0
670	81	0
671	94	0
672	112	0
673	133	0
674	153	0
675	171	0
676	185	0
677	194	0
678	197	0
679	192	0
680	182	0
681	166	0
682	148	0
683	130	0
684	112	0
685	98	0
686	86	0
687	83	0
688	84	0
689	90	0
690	101	0
691	115	0
692	130	0
693	144	0
694	157	0
695	166	0
696	173	0
697	174	0
698	171	0
699	165	0
700	155	0
701	145	0
702	134	0
703	124	0
704	117	0
705	110	0
706	108	0
707	108	0
708	110	0
709	117	0
710	123	0
711	131	0
712	138	0
713	145	0
714	150	0
715	153	0
716	155	0
717	154	0
718	150	0
719	148	0
720	142	0
721	137	0
722	130	0
723	125	0
724	119	0
725	116	0
726	114	0
727	115	0
728	118	0
729	122	0
730	128	0
731	137	0
732	145	0
733	152	0
734	158	0
735	163	0
736	164	0
737	162	0
738	157	0
739	150	0
740	139	0
741	129	0
742	117	0
743	106	0
744	98	0
745	93	0
746	93	0
747	97	0
748	107	0
749	118	0
750	134	0
751	150	0
752	165	0
753	177	0
754	186	0
755	189	0
756	187	0
757	178	0
758	164	0
759	147	0
760	128	0
761	109	0
762	92	0
763	80	0
764	72	0
765	72	0
766	78	0
767	92	0
768	109	0
769	129	0
770	150	0
771	169	0
772	184	0
773	194	0
774	198	0
775	195	0
776	185	0
777	170	0
778	152	0
779	133	0
780	113	0
781	97	0
782	85	0
783	79	0
784	78	0
785	85	0
786	96	0
787	110	0
788	126	0
789	142	0
790	158	0
791	169	0
792	177	0
793	180	0
794	177	0
795	170	0
796	161	0
797	149	0
798	136	0
799	125	0
800	114	0
801	107	0
802	104	0
803	104	0
804	107	0
805	112	0
806	120	0
807	129	0
808	137	0
809	145	0
810	150	0
811	155	0
812	157	0
813	156	0
814	153	0
815	149	0
816	142	0
817	136	0
818	131	0
819	125	0
820	120	0
821	117	0
822	115	0
823	116	0
824	118	0
825	123	0
826	129	0
827	135	0
828	142	0
829	149	0
830	154	0
831	158	0
832	161	0
833	158	0
834	155	0
835	149	0
836	140	0
837	131	0
838	120	0
839	111	0
840	103	0
841	99	0
842	98	0
843	101	0
844	108	0
845	119	0
846	133	0
847	145	0
848	160	0
849	172	0
850	181	0
851	184	0
852	182	0
853	175	0
854	165	0
855	149	0
856	131	0
857	113	0
858	97	0
859	84	0
860	76	0
861	75	0
862	79	0
863	91	0
864	107	0
865	126	0
866	146	0
867	166	0
868	182	0
869	194	0
870	198	0
871	197	0
872	188	0
873	174	0
874	156	0
875	136	0
876	115	0
877	97	0
878	83	0
879	75	0
880	75	0
881	79	0
882	90	0
883	106	0
884	123	0
885	141	0
886	158	0
887	171	0
888	181	0
889	185	0
890	182	0
891	176	0
892	166	0
893	153	0
894	138	0
895	125	0
896	113	0
897	104	0
898	99	0
899	98	0
900	101	0
901	107	0
902	116	0
903	126	0
904	136	0
905	145	0
906	153	0
907	158	0
908	160	0
909	160	0
910	157	0
911	151	0
912	145	0
913	138	0
914	131	0
915	125	0
916	120	0
917	117	0
918	115	0
919	117	0
920	118	0
921	123	0
922	128	0
923	134	0
924	140	0
925	146	0
926	152	0
927	155	0
928	157	0
929	157	0
930	152	0
931	148	0
932	141	0
933	133	0
934	123	0
935	116	0
936	109	0
937	104	0
938	102	0
939	105	0
940	110	0
941	120	0
942	130	0
943	142	0
944	155	0
945	166	0
946	174	0
947	179	0
948	179	0
949	173	0
950	163	0
951	150	0
952	134	0
953	118	0
954	101	0
955	89	0
956	81	0
957	78	0
958	82	0
959	91	0
960	105	0
961	125	0
962	143	0
963	162	0
964	179	0
965	192	0
966	198	0
967	197	0
968	190	0
969	177	0
970	159	0
971	138	0
972	118	0
973	99	0
974	85	0
975	75	0
976	72	0
977	76	0
978	85	0
979	101	0
980	118	0
981	138	0
982	157	0
983	172	0
984	184	0
985	189	0
986	189	0
987	182	0
988	172	0
989	157	0
990	142	0
991	126	0
992	112	0
993	101	0
994	94	0
995	93	0
996	94	0
997	102	0
998	110	0
999	123	0
